AVANT

POSE 1 :  tensor([[ 9.5898e-01, -1.3761e-01, -2.4784e-01,  9.5807e+01],
        [ 1.3784e-01,  9.9032e-01, -1.6513e-02,  6.0554e+00],
        [ 2.4771e-01, -1.8326e-02,  9.6866e-01,  2.3925e+01],
        [ 0.0000e+00,  0.0000e+00,  0.0000e+00,  1.0000e+00]])
POSE 2 :  tensor([[ 9.7446e-01, -1.3457e-01, -1.7975e-01,  6.5006e+01],
        [ 1.3514e-01,  9.9078e-01, -9.1581e-03,  3.1547e+00],
        [ 1.7933e-01, -1.5368e-02,  9.8367e-01,  1.9960e+01],
        [ 0.0000e+00,  0.0000e+00,  0.0000e+00,  1.0000e+00]])
POSE 3 :  tensor([[ 9.7914e-01, -1.4323e-01, -1.4413e-01,  4.7979e+01],
        [ 1.4310e-01,  9.8964e-01, -1.1317e-02,  3.6988e+00],
        [ 1.4426e-01, -9.5438e-03,  9.8949e-01,  1.8701e+01],
        [ 0.0000e+00,  0.0000e+00,  0.0000e+00,  1.0000e+00]])


APRES

POSE 1 :  tensor([[ 9.5898e-01,  1.3784e-01,  2.4771e-01, -9.8638e+01],
        [-1.3761e-01,  9.9032e-01, -1.8326e-02,  7.6254e+00],
        [-2.4784e-01, -1.6513e-02,  9.6866e-01,  6.6989e-01],
        [ 0.0000e+00,  0.0000e+00,  0.0000e+00,  1.0000e+00]])
POSE 2 :  tensor([[ 9.7446e-01,  1.3514e-01,  1.7933e-01, -6.7351e+01],
        [-1.3457e-01,  9.9078e-01, -1.5368e-02,  5.9292e+00],
        [-1.7975e-01, -9.1581e-03,  9.8367e-01, -7.9200e+00],
        [ 0.0000e+00,  0.0000e+00,  0.0000e+00,  1.0000e+00]])
POSE 3 :  tensor([[ 9.7914e-01,  1.4310e-01,  1.4426e-01, -5.0205e+01],
        [-1.4323e-01,  9.8964e-01, -9.5438e-03,  3.3899e+00],
        [-1.4413e-01, -1.1317e-02,  9.8949e-01, -1.1547e+01],
        [ 0.0000e+00,  0.0000e+00,  0.0000e+00,  1.0000e+00]])

AUTRE

POSE 1 :  tensor([[ 9.5898e-01,  1.3784e-01,  2.4771e-01, -9.8638e+01],
        [-1.3761e-01,  9.9032e-01, -1.8326e-02,  7.6254e+00],
        [-2.4784e-01, -1.6513e-02,  9.6866e-01,  6.6989e-01],
        [ 0.0000e+00,  0.0000e+00,  0.0000e+00,  1.0000e+00]])
POSE 2 :  tensor([[ 9.7446e-01,  1.3514e-01,  1.7933e-01, -6.7351e+01],
        [-1.3457e-01,  9.9078e-01, -1.5368e-02,  5.9292e+00],
        [-1.7975e-01, -9.1581e-03,  9.8367e-01, -7.9200e+00],
        [ 0.0000e+00,  0.0000e+00,  0.0000e+00,  1.0000e+00]])
POSE 3 :  tensor([[ 9.7914e-01,  1.4310e-01,  1.4426e-01, -5.0205e+01],
        [-1.4323e-01,  9.8964e-01, -9.5438e-03,  3.3899e+00],
        [-1.4413e-01, -1.1317e-02,  9.8949e-01, -1.1547e+01],
        [ 0.0000e+00,  0.0000e+00,  0.0000e+00,  1.0000e+00]])

INVERSION AXE Z ET TRANSLATION Z

POSE 1 :  tensor([[ 9.5898e-01,  1.3784e-01, -2.4771e-01, -8.6785e+01],
        [-1.3761e-01,  9.9032e-01,  1.8326e-02,  6.7485e+00],
        [ 2.4784e-01,  1.6513e-02,  9.6866e-01, -4.7020e+01],
        [ 0.0000e+00,  0.0000e+00,  0.0000e+00,  1.0000e+00]])
POSE 2 :  tensor([[ 9.7446e-01,  1.3514e-01, -1.7933e-01, -6.0193e+01],
        [-1.3457e-01,  9.9078e-01,  1.5368e-02,  5.3157e+00],
        [ 1.7975e-01,  9.1581e-03,  9.8367e-01, -3.1348e+01],
        [ 0.0000e+00,  0.0000e+00,  0.0000e+00,  1.0000e+00]])
POSE 3 :  tensor([[ 9.7914e-01,  1.4310e-01, -1.4426e-01, -4.4810e+01],
        [-1.4323e-01,  9.8964e-01,  9.5438e-03,  3.0329e+00],
        [ 1.4413e-01,  1.1317e-02,  9.8949e-01, -2.5461e+01],
        [ 0.0000e+00,  0.0000e+00,  0.0000e+00,  1.0000e+00]])